{
 "cells": [
  {
   "cell_type": "code",
   "execution_count": 1,
   "metadata": {
    "collapsed": false
   },
   "outputs": [],
   "source": [
    "import sys\n",
    "import time\n",
    "from pyspark import SparkContext\n",
    "from pyspark.streaming import StreamingContext"
   ]
  },
  {
   "cell_type": "code",
   "execution_count": 2,
   "metadata": {
    "collapsed": false
   },
   "outputs": [],
   "source": [
    "import pandas as pd\n",
    "import pickle\n",
    "import numpy as np\n",
    "from sklearn.ensemble import RandomForestClassifier"
   ]
  },
  {
   "cell_type": "code",
   "execution_count": 3,
   "metadata": {
    "collapsed": false
   },
   "outputs": [],
   "source": [
    "import pickle\n",
    "with open(\"data/learned_rft_NBA_model.pkl\",\"rb\") as f:\n",
    "  rfc = pickle.load(f)"
   ]
  },
  {
   "cell_type": "code",
   "execution_count": 4,
   "metadata": {
    "collapsed": false
   },
   "outputs": [],
   "source": [
    "# There already exists 'sc' as SparkContext\n",
    "#sc = SparkContext(\"local\", appName=\"CalculateNBA\")\n",
    "ssc = StreamingContext(sc, 1)"
   ]
  },
  {
   "cell_type": "code",
   "execution_count": 5,
   "metadata": {
    "collapsed": false
   },
   "outputs": [],
   "source": [
    " #sqlc = pyspark.sql.SQLContext(sc)"
   ]
  },
  {
   "cell_type": "code",
   "execution_count": 6,
   "metadata": {
    "collapsed": false
   },
   "outputs": [
    {
     "data": {
      "text/plain": [
       "(10000, 94)"
      ]
     },
     "execution_count": 6,
     "metadata": {},
     "output_type": "execute_result"
    }
   ],
   "source": [
    "# read some data\n",
    "data = pd.read_csv(\"data/merged_dataset_python.csv\", nrows=10000)\n",
    "data.shape"
   ]
  },
  {
   "cell_type": "code",
   "execution_count": 7,
   "metadata": {
    "collapsed": false
   },
   "outputs": [
    {
     "data": {
      "text/plain": [
       "(10000, 14)"
      ]
     },
     "execution_count": 7,
     "metadata": {},
     "output_type": "execute_result"
    }
   ],
   "source": [
    "# Exclude all fields except mentioned here\n",
    "usefields = [\"is_maried\", \"age\", \"work_experience\", \"children_number\", \"has_mortgage\",\n",
    "            \"loan_products_nii\", \"checking_account_balance\", \"deposit_balance\", \"money_market_balance\",\n",
    "            \"investable_asset_indicator\", \"Sentiment\", \"Sentiment_days_passed\",\n",
    "            \"NBO_choosen\"]\n",
    "data = data[usefields]\n",
    "data[\"is_maried\"] = data[\"is_maried\"].astype(int)\n",
    "#save ID for future references \n",
    "data[\"id\"]=data.index+1\n",
    "data.shape"
   ]
  },
  {
   "cell_type": "code",
   "execution_count": 8,
   "metadata": {
    "collapsed": false
   },
   "outputs": [
    {
     "data": {
      "text/plain": [
       "100"
      ]
     },
     "execution_count": 8,
     "metadata": {},
     "output_type": "execute_result"
    }
   ],
   "source": [
    "rddQueue = []\n",
    "for i in range(0, len(data), 100):\n",
    "    #rddQueue += [ssc.sparkContext.parallelize([j for j in range(1, 1001)], 10)]\n",
    "    rddQueue += [sqlContext.createDataFrame(data[i:i+100]).rdd]\n",
    "#ssc.sparkContext.parallelize(rddQueue, 2)\n",
    "len(rddQueue)"
   ]
  },
  {
   "cell_type": "code",
   "execution_count": 9,
   "metadata": {
    "collapsed": false
   },
   "outputs": [],
   "source": [
    "def predict(row):\n",
    "    ordered_list = []\n",
    "    for i in [\"is_maried\", \"age\", \"work_experience\", \"children_number\", \"has_mortgage\",\n",
    "                \"loan_products_nii\", \"checking_account_balance\", \"deposit_balance\", \"money_market_balance\",\n",
    "                \"investable_asset_indicator\", \"Sentiment\", \"Sentiment_days_passed\"]:\n",
    "        ordered_list.append(row[i])\n",
    "    res = rfc.predict_proba(np.array(ordered_list).reshape(1,-1))\n",
    "    return np.append(res, row[\"id\"])\n",
    "    #return (row[\"id\"], res)"
   ]
  },
  {
   "cell_type": "code",
   "execution_count": 10,
   "metadata": {
    "collapsed": false
   },
   "outputs": [],
   "source": [
    "# Create the QueueInputDStream and use it do some processing\n",
    "inputStream = ssc.queueStream(rddQueue)"
   ]
  },
  {
   "cell_type": "code",
   "execution_count": 11,
   "metadata": {
    "collapsed": false
   },
   "outputs": [
    {
     "name": "stdout",
     "output_type": "stream",
     "text": [
      "-------------------------------------------\n",
      "Time: 2016-03-11 10:48:33\n",
      "-------------------------------------------\n",
      "[ 0.  1.  0.  0.  0.  1.]\n",
      "[ 1.  0.  0.  0.  0.  2.]\n",
      "[ 0.          0.52380952  0.47619048  0.          0.          3.        ]\n",
      "[ 0.14285714  0.42857143  0.          0.42857143  0.          4.        ]\n",
      "[ 0.          0.95238095  0.          0.          0.04761905  5.        ]\n",
      "[ 0.          0.04761905  0.85714286  0.0952381   0.          6.        ]\n",
      "[ 0.19047619  0.52380952  0.04761905  0.04761905  0.19047619  7.        ]\n",
      "[ 0.          0.95238095  0.          0.04761905  0.          8.        ]\n",
      "[ 0.          0.42857143  0.14285714  0.38095238  0.04761905  9.        ]\n",
      "[  0.04761905   0.23809524   0.04761905   0.52380952   0.14285714  10.        ]\n",
      "...\n",
      "\n",
      "-------------------------------------------\n",
      "Time: 2016-03-11 10:48:34\n",
      "-------------------------------------------\n",
      "[   0.23809524    0.19047619    0.            0.57142857    0.          101.        ]\n",
      "[   0.            0.61904762    0.38095238    0.            0.          102.        ]\n",
      "[  9.52380952e-01   0.00000000e+00   0.00000000e+00   4.76190476e-02\n",
      "   0.00000000e+00   1.03000000e+02]\n",
      "[   0.            0.14285714    0.66666667    0.19047619    0.          104.        ]\n",
      "[   0.            0.            0.            0.28571429    0.71428571\n",
      "  105.        ]\n",
      "[  9.52380952e-01   0.00000000e+00   4.76190476e-02   0.00000000e+00\n",
      "   0.00000000e+00   1.06000000e+02]\n",
      "[  0.00000000e+00   0.00000000e+00   9.52380952e-01   4.76190476e-02\n",
      "   0.00000000e+00   1.07000000e+02]\n",
      "[  0.00000000e+00   0.00000000e+00   9.52380952e-01   4.76190476e-02\n",
      "   0.00000000e+00   1.08000000e+02]\n",
      "[   0.            0.23809524    0.42857143    0.33333333    0.          109.        ]\n",
      "[  9.52380952e-01   4.76190476e-02   0.00000000e+00   0.00000000e+00\n",
      "   0.00000000e+00   1.10000000e+02]\n",
      "...\n",
      "\n",
      "-------------------------------------------\n",
      "Time: 2016-03-11 10:48:35\n",
      "-------------------------------------------\n",
      "[  6.19047619e-01   4.76190476e-02   0.00000000e+00   3.33333333e-01\n",
      "   0.00000000e+00   2.01000000e+02]\n",
      "[   0.    0.    1.    0.    0.  202.]\n",
      "[  0.00000000e+00   0.00000000e+00   4.76190476e-02   9.52380952e-01\n",
      "   0.00000000e+00   2.03000000e+02]\n",
      "[  9.52380952e-02   1.90476190e-01   7.14285714e-01   0.00000000e+00\n",
      "   0.00000000e+00   2.04000000e+02]\n",
      "[  9.04761905e-01   4.76190476e-02   4.76190476e-02   0.00000000e+00\n",
      "   0.00000000e+00   2.05000000e+02]\n",
      "[  0.00000000e+00   0.00000000e+00   2.85714286e-01   6.66666667e-01\n",
      "   4.76190476e-02   2.06000000e+02]\n",
      "[  7.14285714e-01   1.42857143e-01   0.00000000e+00   4.76190476e-02\n",
      "   9.52380952e-02   2.07000000e+02]\n",
      "[  4.76190476e-02   1.90476190e-01   1.90476190e-01   5.71428571e-01\n",
      "   0.00000000e+00   2.08000000e+02]\n",
      "[   0.            0.61904762    0.38095238    0.            0.          209.        ]\n",
      "[  4.76190476e-02   4.76190476e-02   8.57142857e-01   4.76190476e-02\n",
      "   0.00000000e+00   2.10000000e+02]\n",
      "...\n",
      "\n",
      "-------------------------------------------\n",
      "Time: 2016-03-11 10:48:36\n",
      "-------------------------------------------\n",
      "[  0.00000000e+00   9.52380952e-01   0.00000000e+00   0.00000000e+00\n",
      "   4.76190476e-02   3.01000000e+02]\n",
      "[   1.    0.    0.    0.    0.  302.]\n",
      "[   0.            0.            0.61904762    0.38095238    0.          303.        ]\n",
      "[  0.00000000e+00   9.52380952e-02   1.90476190e-01   7.14285714e-01\n",
      "   0.00000000e+00   3.04000000e+02]\n",
      "[  1.42857143e-01   0.00000000e+00   8.57142857e-01   0.00000000e+00\n",
      "   0.00000000e+00   3.05000000e+02]\n",
      "[  0.00000000e+00   9.52380952e-02   7.61904762e-01   1.42857143e-01\n",
      "   0.00000000e+00   3.06000000e+02]\n",
      "[  0.00000000e+00   9.52380952e-01   0.00000000e+00   0.00000000e+00\n",
      "   4.76190476e-02   3.07000000e+02]\n",
      "[   1.    0.    0.    0.    0.  308.]\n",
      "[  0.00000000e+00   3.33333333e-01   4.76190476e-02   6.19047619e-01\n",
      "   0.00000000e+00   3.09000000e+02]\n",
      "[  0.00000000e+00   4.28571429e-01   2.85714286e-01   2.85714286e-01\n",
      "   0.00000000e+00   3.10000000e+02]\n",
      "...\n",
      "\n",
      "-------------------------------------------\n",
      "Time: 2016-03-11 10:48:37\n",
      "-------------------------------------------\n",
      "[  0.00000000e+00   1.90476190e-01   8.09523810e-01   0.00000000e+00\n",
      "   0.00000000e+00   4.01000000e+02]\n",
      "[  4.76190476e-02   1.42857143e-01   9.52380952e-02   6.66666667e-01\n",
      "   4.76190476e-02   4.02000000e+02]\n",
      "[  0.00000000e+00   0.00000000e+00   9.52380952e-01   4.76190476e-02\n",
      "   0.00000000e+00   4.03000000e+02]\n",
      "[   0.    0.    1.    0.    0.  404.]\n",
      "[  0.00000000e+00   6.66666667e-01   0.00000000e+00   4.76190476e-02\n",
      "   2.85714286e-01   4.05000000e+02]\n",
      "[  4.76190476e-02   3.33333333e-01   0.00000000e+00   4.76190476e-01\n",
      "   1.42857143e-01   4.06000000e+02]\n",
      "[   0.    0.    1.    0.    0.  407.]\n",
      "[  1.42857143e-01   4.76190476e-02   7.14285714e-01   4.76190476e-02\n",
      "   4.76190476e-02   4.08000000e+02]\n",
      "[  7.14285714e-01   9.52380952e-02   0.00000000e+00   1.42857143e-01\n",
      "   4.76190476e-02   4.09000000e+02]\n",
      "[  0.00000000e+00   0.00000000e+00   8.57142857e-01   1.42857143e-01\n",
      "   0.00000000e+00   4.10000000e+02]\n",
      "...\n",
      "\n",
      "-------------------------------------------\n",
      "Time: 2016-03-11 10:48:38\n",
      "-------------------------------------------\n",
      "[  3.33333333e-01   1.42857143e-01   3.80952381e-01   4.76190476e-02\n",
      "   9.52380952e-02   5.01000000e+02]\n",
      "[   1.    0.    0.    0.    0.  502.]\n",
      "[  1.90476190e-01   0.00000000e+00   4.28571429e-01   3.80952381e-01\n",
      "   0.00000000e+00   5.03000000e+02]\n",
      "[  9.52380952e-01   0.00000000e+00   0.00000000e+00   4.76190476e-02\n",
      "   0.00000000e+00   5.04000000e+02]\n",
      "[   1.    0.    0.    0.    0.  505.]\n",
      "[  7.14285714e-01   1.42857143e-01   0.00000000e+00   1.42857143e-01\n",
      "   0.00000000e+00   5.06000000e+02]\n",
      "[  4.76190476e-02   1.42857143e-01   0.00000000e+00   4.76190476e-02\n",
      "   7.61904762e-01   5.07000000e+02]\n",
      "[  4.76190476e-02   4.28571429e-01   4.28571429e-01   4.76190476e-02\n",
      "   4.76190476e-02   5.08000000e+02]\n",
      "[  9.52380952e-01   4.76190476e-02   0.00000000e+00   0.00000000e+00\n",
      "   0.00000000e+00   5.09000000e+02]\n",
      "[  8.57142857e-01   9.52380952e-02   0.00000000e+00   0.00000000e+00\n",
      "   4.76190476e-02   5.10000000e+02]\n",
      "...\n",
      "\n",
      "-------------------------------------------\n",
      "Time: 2016-03-11 10:48:39\n",
      "-------------------------------------------\n",
      "[   1.    0.    0.    0.    0.  601.]\n",
      "[  3.33333333e-01   2.85714286e-01   0.00000000e+00   3.80952381e-01\n",
      "   0.00000000e+00   6.02000000e+02]\n",
      "[  7.14285714e-01   0.00000000e+00   2.85714286e-01   0.00000000e+00\n",
      "   0.00000000e+00   6.03000000e+02]\n",
      "[   0.    0.    1.    0.    0.  604.]\n",
      "[  4.76190476e-02   3.80952381e-01   0.00000000e+00   4.76190476e-01\n",
      "   9.52380952e-02   6.05000000e+02]\n",
      "[  1.90476190e-01   0.00000000e+00   0.00000000e+00   9.52380952e-02\n",
      "   7.14285714e-01   6.06000000e+02]\n",
      "[   0.    0.    0.    0.    1.  607.]\n",
      "[  0.00000000e+00   0.00000000e+00   7.61904762e-01   2.38095238e-01\n",
      "   0.00000000e+00   6.08000000e+02]\n",
      "[  4.76190476e-02   9.52380952e-02   4.76190476e-01   3.80952381e-01\n",
      "   0.00000000e+00   6.09000000e+02]\n",
      "[  4.76190476e-02   9.52380952e-01   0.00000000e+00   0.00000000e+00\n",
      "   0.00000000e+00   6.10000000e+02]\n",
      "...\n",
      "\n",
      "-------------------------------------------\n",
      "Time: 2016-03-11 10:48:40\n",
      "-------------------------------------------\n",
      "[  2.38095238e-01   7.14285714e-01   4.76190476e-02   0.00000000e+00\n",
      "   0.00000000e+00   7.01000000e+02]\n",
      "[  9.52380952e-01   0.00000000e+00   4.76190476e-02   0.00000000e+00\n",
      "   0.00000000e+00   7.02000000e+02]\n",
      "[  0.00000000e+00   4.76190476e-02   9.52380952e-01   0.00000000e+00\n",
      "   0.00000000e+00   7.03000000e+02]\n",
      "[  0.00000000e+00   9.04761905e-01   0.00000000e+00   4.76190476e-02\n",
      "   4.76190476e-02   7.04000000e+02]\n",
      "[  9.52380952e-02   2.85714286e-01   5.71428571e-01   0.00000000e+00\n",
      "   4.76190476e-02   7.05000000e+02]\n",
      "[  0.00000000e+00   4.76190476e-02   9.04761905e-01   4.76190476e-02\n",
      "   0.00000000e+00   7.06000000e+02]\n",
      "[  0.00000000e+00   8.09523810e-01   4.76190476e-02   1.42857143e-01\n",
      "   0.00000000e+00   7.07000000e+02]\n",
      "[   0.    0.    0.    1.    0.  708.]\n",
      "[   1.    0.    0.    0.    0.  709.]\n",
      "[  0.00000000e+00   9.04761905e-01   0.00000000e+00   9.52380952e-02\n",
      "   0.00000000e+00   7.10000000e+02]\n",
      "...\n",
      "\n",
      "-------------------------------------------\n",
      "Time: 2016-03-11 10:48:41\n",
      "-------------------------------------------\n",
      "[  9.04761905e-01   9.52380952e-02   0.00000000e+00   0.00000000e+00\n",
      "   0.00000000e+00   8.01000000e+02]\n",
      "[  1.42857143e-01   4.76190476e-02   0.00000000e+00   4.28571429e-01\n",
      "   3.80952381e-01   8.02000000e+02]\n",
      "[  0.00000000e+00   4.76190476e-02   8.57142857e-01   9.52380952e-02\n",
      "   0.00000000e+00   8.03000000e+02]\n",
      "[  4.76190476e-02   0.00000000e+00   0.00000000e+00   4.76190476e-02\n",
      "   9.04761905e-01   8.04000000e+02]\n",
      "[  2.38095238e-01   5.71428571e-01   0.00000000e+00   4.76190476e-02\n",
      "   1.42857143e-01   8.05000000e+02]\n",
      "[   1.    0.    0.    0.    0.  806.]\n",
      "[  0.00000000e+00   9.52380952e-02   8.57142857e-01   4.76190476e-02\n",
      "   0.00000000e+00   8.07000000e+02]\n",
      "[   1.    0.    0.    0.    0.  808.]\n",
      "[  1.42857143e-01   5.23809524e-01   0.00000000e+00   9.52380952e-02\n",
      "   2.38095238e-01   8.09000000e+02]\n",
      "[   1.    0.    0.    0.    0.  810.]\n",
      "...\n",
      "\n"
     ]
    }
   ],
   "source": [
    "mappedStream = inputStream.map(lambda x: predict(x))\n",
    "#reducedStream = mappedStream.reduceByKey(lambda a, b: a + b)\n",
    "#reducedStream.pprint()\n",
    "mappedStream.pprint()\n",
    "#mappedStream.saveAsTextFiles(\"hdfs:///tmp/prediction.txt\")\n",
    "ssc.start()\n",
    "time.sleep(10)"
   ]
  },
  {
   "cell_type": "code",
   "execution_count": 12,
   "metadata": {
    "collapsed": false
   },
   "outputs": [
    {
     "name": "stdout",
     "output_type": "stream",
     "text": [
      "-------------------------------------------\n",
      "Time: 2016-03-11 10:48:42\n",
      "-------------------------------------------\n",
      "[  2.85714286e-01   2.85714286e-01   4.76190476e-02   0.00000000e+00\n",
      "   3.80952381e-01   9.01000000e+02]\n",
      "[  0.00000000e+00   9.52380952e-01   0.00000000e+00   4.76190476e-02\n",
      "   0.00000000e+00   9.02000000e+02]\n",
      "[  8.57142857e-01   0.00000000e+00   0.00000000e+00   1.42857143e-01\n",
      "   0.00000000e+00   9.03000000e+02]\n",
      "[  4.76190476e-02   0.00000000e+00   9.52380952e-01   0.00000000e+00\n",
      "   0.00000000e+00   9.04000000e+02]\n",
      "[   1.    0.    0.    0.    0.  905.]\n",
      "[  7.61904762e-01   1.42857143e-01   4.76190476e-02   4.76190476e-02\n",
      "   0.00000000e+00   9.06000000e+02]\n",
      "[  0.00000000e+00   8.09523810e-01   9.52380952e-02   9.52380952e-02\n",
      "   0.00000000e+00   9.07000000e+02]\n",
      "[  1.90476190e-01   4.76190476e-02   4.76190476e-01   2.85714286e-01\n",
      "   0.00000000e+00   9.08000000e+02]\n",
      "[  0.00000000e+00   9.52380952e-01   0.00000000e+00   4.76190476e-02\n",
      "   0.00000000e+00   9.09000000e+02]\n",
      "[  9.52380952e-01   0.00000000e+00   0.00000000e+00   4.76190476e-02\n",
      "   0.00000000e+00   9.10000000e+02]\n",
      "...\n",
      "\n",
      "-------------------------------------------\n",
      "Time: 2016-03-11 10:48:43\n",
      "-------------------------------------------\n",
      "[  0.00000000e+00   0.00000000e+00   9.52380952e-01   4.76190476e-02\n",
      "   0.00000000e+00   1.00100000e+03]\n",
      "[  1.90476190e-01   4.76190476e-02   1.42857143e-01   5.71428571e-01\n",
      "   4.76190476e-02   1.00200000e+03]\n",
      "[  1.00000000e+00   0.00000000e+00   0.00000000e+00   0.00000000e+00\n",
      "   0.00000000e+00   1.00300000e+03]\n",
      "[  0.00000000e+00   0.00000000e+00   0.00000000e+00   1.00000000e+00\n",
      "   0.00000000e+00   1.00400000e+03]\n",
      "[  0.00000000e+00   1.00000000e+00   0.00000000e+00   0.00000000e+00\n",
      "   0.00000000e+00   1.00500000e+03]\n",
      "[  4.76190476e-02   0.00000000e+00   2.38095238e-01   7.14285714e-01\n",
      "   0.00000000e+00   1.00600000e+03]\n",
      "[  6.19047619e-01   2.38095238e-01   9.52380952e-02   4.76190476e-02\n",
      "   0.00000000e+00   1.00700000e+03]\n",
      "[  1.90476190e-01   2.38095238e-01   1.42857143e-01   3.80952381e-01\n",
      "   4.76190476e-02   1.00800000e+03]\n",
      "[  1.00000000e+00   0.00000000e+00   0.00000000e+00   0.00000000e+00\n",
      "   0.00000000e+00   1.00900000e+03]\n",
      "[  9.04761905e-01   4.76190476e-02   4.76190476e-02   0.00000000e+00\n",
      "   0.00000000e+00   1.01000000e+03]\n",
      "...\n",
      "\n",
      "-------------------------------------------\n",
      "Time: 2016-03-11 10:48:44\n",
      "-------------------------------------------\n",
      "[  0.00000000e+00   7.61904762e-01   0.00000000e+00   2.38095238e-01\n",
      "   0.00000000e+00   1.10100000e+03]\n",
      "[  5.71428571e-01   4.76190476e-02   9.52380952e-02   0.00000000e+00\n",
      "   2.85714286e-01   1.10200000e+03]\n",
      "[  4.76190476e-02   9.52380952e-02   8.57142857e-01   0.00000000e+00\n",
      "   0.00000000e+00   1.10300000e+03]\n",
      "[  0.00000000e+00   2.85714286e-01   6.66666667e-01   4.76190476e-02\n",
      "   0.00000000e+00   1.10400000e+03]\n",
      "[  0.00000000e+00   2.38095238e-01   5.71428571e-01   1.90476190e-01\n",
      "   0.00000000e+00   1.10500000e+03]\n",
      "[  7.61904762e-01   1.90476190e-01   4.76190476e-02   0.00000000e+00\n",
      "   0.00000000e+00   1.10600000e+03]\n",
      "[  4.76190476e-02   4.76190476e-02   4.76190476e-02   1.90476190e-01\n",
      "   6.66666667e-01   1.10700000e+03]\n",
      "[  0.00000000e+00   4.76190476e-02   9.52380952e-01   0.00000000e+00\n",
      "   0.00000000e+00   1.10800000e+03]\n",
      "[  0.00000000e+00   0.00000000e+00   1.00000000e+00   0.00000000e+00\n",
      "   0.00000000e+00   1.10900000e+03]\n",
      "[  0.00000000e+00   0.00000000e+00   1.00000000e+00   0.00000000e+00\n",
      "   0.00000000e+00   1.11000000e+03]\n",
      "...\n",
      "\n"
     ]
    }
   ],
   "source": [
    "ssc.stop(stopSparkContext=False, stopGraceFully=True)"
   ]
  }
 ],
 "metadata": {
  "kernelspec": {
   "display_name": "Python 2",
   "language": "python",
   "name": "python2"
  },
  "language_info": {
   "codemirror_mode": {
    "name": "ipython",
    "version": 2
   },
   "file_extension": ".py",
   "mimetype": "text/x-python",
   "name": "python",
   "nbconvert_exporter": "python",
   "pygments_lexer": "ipython2",
   "version": "2.7.5"
  }
 },
 "nbformat": 4,
 "nbformat_minor": 0
}
